,ListOrdersController,SendOrderConfirmationEmailAdvice,OrderFormController,ViewOrderController,ListOrders(jsp),ViewOrder(jsp),NewOrderForm(jsp),ShippingForm(jsp),ConfirmOrder(jsp),OrderDao,LineItem,OrderValidator,Order,OrderService,OrderServiceClient,JaxRpcOrderService,OrderForm,Sequence,SqlMapSequenceDao,SqlMapOrderDao,sequence(table),lineitem(table),orders(table),orderstatus(table),AccountDao,AccountValidator,Account,SignonInterceptor,UserSession,SignonController,AccountFormController,AccountForm,SqlMapAccountDao,SignoffController,account(table),profile(table),signon(table),bannerdata(table),EditAccountForm(jsp),SignonForm(jsp),IncludeAccountFields(jsp),IncludeMyList(jsp),Cart,CartItem,RemoveItemFromCartController,UpdateCartQuantitiesController,ViewCartController,AddItemToCartController,Cart(jsp),Checkout(jsp),CategoryDao,ProductDao,Product,Category,ViewItemController,ViewCategoryController,ViewProductController,SearchProductsController,SqlMapCategoryDao,SqlMapProductDao,category(table),SearchProducts(jsp),Category(jsp),Item(jsp),Product(jsp),ItemDao,product(table),item(table),inventory(table),supplier(table),Item,SqlMapItemDao,index(jsp),PetStoreFacade,PetStoreImpl,Error(jsp),IncludeBanner(jsp),IncludeBottom(jsp),IncludeQuickHeader(jsp),IncludeTop(jsp),index(html),help(html),OracleSequenceDao,MsSqlOrderDao
ListOrdersController,1.0,-18.82659661188705,31.4083940425551,22.613255846339424,1.0,22.613255846339424,31.4083940425551,-11.337181688758646,30.865280363428536,22.613255846339424,42.851289408877356,35.12153853247686,22.613255846339424,-27.386744153660576,-21.486929668037916,-19.510167133752294,31.4083940425551,47.41481762796364,47.41481762796364,22.613255846339424,47.41481762796364,42.851289408877356,1.0,33.15154971433307,26.72397844986483,-5.160716893248163,20.23615285001875,30.472110221243923,22.71542541400772,-7.145805411907008,-7.1914609310007265,-7.1914609310007265,26.72397844986483,-5.24287088294907,26.72397844986483,31.87011260710871,28.20953364742036,32.36258609248372,-4.704300883193293,33.64159945237222,-5.328165485672683,-2.2611441073902694,33.90434823835718,30.1842942711698,-5.0745364767405725,-9.723357825267323,33.90434823835718,-5.1710447881575705,-1.4509908209701898,43.528331324145576,-6.400898210355371,-6.966948917329963,18.03305108267004,-6.400898210355371,-7.148710591122645,-6.400898210355371,-6.966948917329963,-9.536969549095721,-6.400898210355371,-6.966948917329963,-6.400898210355371,-9.536969549095721,-6.400898210355371,-7.148710591122645,-6.966948917329963,21.718802868358644,-6.966948917329963,-7.148710591122645,11.499497045296,-10.351054458819085,21.718802868358644,21.718802868358644,-7.1599785843757,20.268984242639142,18.497646055624855,0.0,-3.6904664975871393,26.3097033488203,-2.936291166647433,22.73885589260973,-7.1599785843757,0.0,-0.6727560157234441,-14.992911219692084
SendOrderConfirmationEmailAdvice,-18.82659661188705,-49.0,-24.0922447698064,-23.615193070987814,-18.82659661188705,-23.615193070987814,-24.0922447698064,-16.209639658266724,-27.168948449913376,-23.615193070987814,-11.382655619254098,-20.40223463859845,-23.615193070987814,-23.615193070987814,-22.007717178523897,-20.362824206961715,-24.0922447698064,-4.260002997357955,-4.260002997357955,-23.615193070987814,-4.260002997357955,-11.382655619254098,-18.82659661188705,-20.56942739026155,-15.056382772562376,-15.36168169334462,-15.056382772562376,-4.641527089236986,-8.846292646179595,-12.752490866615544,-18.806469505669064,-18.806469505669064,-15.056382772562376,-13.334639792299528,-15.056382772562376,-10.794487595057618,-12.752490866615544,-1.9400070421207805,-20.232366635239764,-13.768259550697815,-12.041703084331743,-4.561509561240827,-3.0793701948542225,-8.749179743461479,-12.01447002545662,-14.032299776451,-3.0793701948542225,-8.749179743461479,-3.0793701948542225,-9.056363066021119,-1.7927202665096922,-4.2308979133113,-4.2308979133113,-1.7927202665096922,-11.382655619254098,-1.7927202665096922,-4.2308979133113,-8.6519794356886,-1.7927202665096922,-4.2308979133113,-1.7927202665096922,-8.6519794356886,-1.7927202665096922,-11.382655619254098,-4.2308979133113,-11.382655619254098,-4.2308979133113,-11.382655619254098,-7.526096809496299,-5.53341894952749,-11.382655619254098,-11.382655619254098,-4.115170007094166,-7.137424771993879,-8.535502330519188,0.0,-4.343858497709321,-8.12519229771031,-12.078673908852744,-4.561509561240827,-4.115170007094166,0.0,-7.379403873810248,-11.630781621511344
OrderFormController,31.4083940425551,-24.0922447698064,1.0000000000000213,12.484739220043608,31.4083940425551,12.484739220043608,1.0000000000000213,-26.48508159330218,25.39827638090299,12.484739220043608,40.18407218852621,26.12848978716572,12.484739220043608,-37.51526077995639,-25.164541319969356,-25.73189068319122,1.0000000000000213,39.35652252751108,39.35652252751108,12.484739220043608,39.35652252751108,40.18407218852621,31.4083940425551,20.04033161055937,23.73592113944082,-9.930796163413143,17.24809553959474,34.00087823555956,20.762450725862266,-11.018076188407022,-30.5486105448975,-30.5486105448975,23.73592113944082,-5.808736446873344,23.73592113944082,27.519068873519053,24.33726287092035,31.488157863960133,-22.79197902519819,-2.8722560821694003,-10.546250723104889,-3.70168260660798,33.35870362264253,28.25208888429576,-10.553671719565415,-9.415446342322792,33.35870362264253,-7.103250175031611,-1.99663543668484,43.529050157433346,-10.212444208346867,-5.019831498210611,19.98016850178939,-10.212444208346867,-9.81592781147379,-10.212444208346867,-5.019831498210611,-6.303506843914445,-10.212444208346867,-5.019831498210611,-10.212444208346867,-6.303506843914445,-10.212444208346867,-9.81592781147379,-5.019831498210611,19.051585648007503,-5.019831498210611,-9.81592781147379,22.59957699268106,-7.141242041610932,19.051585648007503,19.051585648007503,-3.41530710896312,18.847643472408116,21.556958458089863,0.0,-5.26038701409366,18.272717206095535,-8.049156213672685,21.29831739339202,-3.41530710896312,0.0,-8.400714573931817,-19.464498684698913
ViewOrderController,22.613255846339424,-23.615193070987814,12.484739220043608,1.0,22.613255846339424,1.0,12.484739220043608,-12.45833943217583,21.406650166548832,1.0,40.61756442860789,23.388017442360287,1.0,-49.0,-33.89002596423771,-32.41497681810594,12.484739220043608,42.51783195225775,42.51783195225775,1.0,42.51783195225775,40.61756442860789,22.613255846339424,16.438766800887564,26.032298723300844,-5.653267232131427,19.544473123454765,31.096139264379673,20.77555082400879,-4.760843601407645,-12.23935109100752,-12.23935109100752,26.032298723300844,-5.276745266699863,26.032298723300844,28.40322308081071,30.594495457919727,33.76039725079241,-10.157698746437749,25.807040486237,-5.40338752808071,0.1120534563122576,34.323400695068294,29.153351899274252,-8.78999906394751,-7.82246574728275,34.323400695068294,-6.201987160053119,-1.0319383642590778,41.66967630235626,-6.214884324701348,-4.1810249143227685,20.81897508567723,-6.214884324701348,-9.382435571392108,-6.214884324701348,-4.1810249143227685,-6.404445913764713,-6.214884324701348,-4.1810249143227685,-6.214884324701348,-6.404445913764713,-6.214884324701348,-9.382435571392108,-4.1810249143227685,19.485077888089183,-4.1810249143227685,-9.382435571392108,18.38420526300876,-7.7138680901160175,19.485077888089183,19.485077888089183,-3.151864922793504,18.57015051149856,20.1946335323274,0.0,-1.1364788118927958,22.696613037868193,-4.057687837010278,25.112053456312257,-3.151864922793504,0.0,-3.8264693236927236,-25.364018042021247
ListOrders(jsp),1.0,-18.82659661188705,31.4083940425551,22.613255846339424,1.0,22.613255846339424,31.4083940425551,-11.337181688758646,30.865280363428536,22.613255846339424,42.851289408877356,35.12153853247686,22.613255846339424,-27.386744153660576,-21.486929668037916,-19.510167133752294,31.4083940425551,47.41481762796364,47.41481762796364,22.613255846339424,47.41481762796364,42.851289408877356,1.0,33.15154971433307,26.72397844986483,-5.160716893248163,20.23615285001875,30.472110221243923,22.71542541400772,-7.145805411907008,-7.1914609310007265,-7.1914609310007265,26.72397844986483,-5.24287088294907,26.72397844986483,31.87011260710871,28.20953364742036,32.36258609248372,-4.704300883193293,33.64159945237222,-5.328165485672683,-2.2611441073902694,33.90434823835718,30.1842942711698,-5.0745364767405725,-9.723357825267323,33.90434823835718,-5.1710447881575705,-1.4509908209701898,43.528331324145576,-6.400898210355371,-6.966948917329963,18.03305108267004,-6.400898210355371,-7.148710591122645,-6.400898210355371,-6.966948917329963,-9.536969549095721,-6.400898210355371,-6.966948917329963,-6.400898210355371,-9.536969549095721,-6.400898210355371,-7.148710591122645,-6.966948917329963,21.718802868358644,-6.966948917329963,-7.148710591122645,11.499497045296,-10.351054458819085,21.718802868358644,21.718802868358644,-7.1599785843757,20.268984242639142,18.497646055624855,0.0,-3.6904664975871393,26.3097033488203,-2.936291166647433,22.73885589260973,-7.1599785843757,0.0,-0.6727560157234441,-14.992911219692084
ViewOrder(jsp),22.613255846339424,-23.615193070987814,12.484739220043608,1.0,22.613255846339424,1.0,12.484739220043608,-12.45833943217583,21.406650166548832,1.0,40.61756442860789,23.388017442360287,1.0,-49.0,-33.89002596423771,-32.41497681810594,12.484739220043608,42.51783195225775,42.51783195225775,1.0,42.51783195225775,40.61756442860789,22.613255846339424,16.438766800887564,26.032298723300844,-5.653267232131427,19.544473123454765,31.096139264379673,20.77555082400879,-4.760843601407645,-12.23935109100752,-12.23935109100752,26.032298723300844,-5.276745266699863,26.032298723300844,28.40322308081071,30.594495457919727,33.76039725079241,-10.157698746437749,25.807040486237,-5.40338752808071,0.1120534563122576,34.323400695068294,29.153351899274252,-8.78999906394751,-7.82246574728275,34.323400695068294,-6.201987160053119,-1.0319383642590778,41.66967630235626,-6.214884324701348,-4.1810249143227685,20.81897508567723,-6.214884324701348,-9.382435571392108,-6.214884324701348,-4.1810249143227685,-6.404445913764713,-6.214884324701348,-4.1810249143227685,-6.214884324701348,-6.404445913764713,-6.214884324701348,-9.382435571392108,-4.1810249143227685,19.485077888089183,-4.1810249143227685,-9.382435571392108,18.38420526300876,-7.7138680901160175,19.485077888089183,19.485077888089183,-3.151864922793504,18.57015051149856,20.1946335323274,0.0,-1.1364788118927958,22.696613037868193,-4.057687837010278,25.112053456312257,-3.151864922793504,0.0,-3.8264693236927236,-25.364018042021247
NewOrderForm(jsp),31.4083940425551,-24.0922447698064,1.0000000000000213,12.484739220043608,31.4083940425551,12.484739220043608,1.0000000000000213,-26.48508159330218,25.39827638090299,12.484739220043608,40.18407218852621,26.12848978716572,12.484739220043608,-37.51526077995639,-25.164541319969356,-25.73189068319122,1.0000000000000213,39.35652252751108,39.35652252751108,12.484739220043608,39.35652252751108,40.18407218852621,31.4083940425551,20.04033161055937,23.73592113944082,-9.930796163413143,17.24809553959474,34.00087823555956,20.762450725862266,-11.018076188407022,-30.5486105448975,-30.5486105448975,23.73592113944082,-5.808736446873344,23.73592113944082,27.519068873519053,24.33726287092035,31.488157863960133,-22.79197902519819,-2.8722560821694003,-10.546250723104889,-3.70168260660798,33.35870362264253,28.25208888429576,-10.553671719565415,-9.415446342322792,33.35870362264253,-7.103250175031611,-1.99663543668484,43.529050157433346,-10.212444208346867,-5.019831498210611,19.98016850178939,-10.212444208346867,-9.81592781147379,-10.212444208346867,-5.019831498210611,-6.303506843914445,-10.212444208346867,-5.019831498210611,-10.212444208346867,-6.303506843914445,-10.212444208346867,-9.81592781147379,-5.019831498210611,19.051585648007503,-5.019831498210611,-9.81592781147379,22.59957699268106,-7.141242041610932,19.051585648007503,19.051585648007503,-3.41530710896312,18.847643472408116,21.556958458089863,0.0,-5.26038701409366,18.272717206095535,-8.049156213672685,21.29831739339202,-3.41530710896312,0.0,-8.400714573931817,-19.464498684698913
ShippingForm(jsp),-11.337181688758646,-16.209639658266724,-26.48508159330218,-12.45833943217583,-11.337181688758646,-12.45833943217583,-26.48508159330218,-49.0,-10.294255722438445,-12.45833943217583,-10.407627776892193,-12.768105952395324,-12.45833943217583,-12.45833943217583,-10.84853221248297,-12.156266585572412,-26.48508159330218,-5.6115953942658425,-5.6115953942658425,-12.45833943217583,-5.6115953942658425,-10.407627776892193,-11.337181688758646,-11.083640597295204,-8.09243758104066,-9.903282890480089,-8.09243758104066,0.0322823087489749,-8.521770766085833,-8.166379961759311,-22.229955231375186,-22.229955231375186,-8.09243758104066,-3.667878208031735,-8.09243758104066,-4.793962457471978,-8.166379961759311,-0.7699921911180422,-18.25431104319449,-28.266315729499034,-10.838436956613995,-8.87473160037627,-6.580361793356792,-10.523411768384896,-12.333832799427206,-14.965935923619243,-6.580361793356792,-10.523411768384896,-6.580361793356792,-11.31621568221688,-5.218657686064453,-12.897571206371694,-12.897571206371694,-5.218657686064453,-10.407627776892193,-5.218657686064453,-12.897571206371694,-12.433815672640803,-5.218657686064453,-12.897571206371694,-5.218657686064453,-12.433815672640803,-5.218657686064453,-10.407627776892193,-12.897571206371694,-10.407627776892193,-12.897571206371694,-10.407627776892193,-12.525926250137038,-13.960154989230517,-10.407627776892193,-10.407627776892193,-3.8452843738146205,-7.181272651536447,-10.218959700820296,0.0,-6.177403943491755,-13.613641458786606,-10.71123985932382,-8.87473160037627,-3.8452843738146205,0.0,-7.610247172173397,-9.757357349123215
ConfirmOrder(jsp),30.865280363428536,-27.168948449913376,25.39827638090299,21.406650166548832,30.865280363428536,21.406650166548832,25.39827638090299,-10.294255722438445,1.0000000000000213,21.406650166548832,42.02920345089136,29.18221277920197,21.406650166548832,-28.593349833451168,-23.097224818448037,-19.059620547647956,25.39827638090299,43.16334024631853,43.16334024631853,21.406650166548832,43.16334024631853,42.02920345089136,30.865280363428536,26.784200734779812,20.6712777905053,-13.21180064425853,14.18345219065922,30.923975324326676,19.874576231610362,-10.704363751311941,-16.178099857412818,-16.178099857412818,20.6712777905053,-7.994682601210132,20.6712777905053,27.136241896413836,24.65097530801543,34.49318494040034,-15.452015382930037,25.65138914834988,-13.100272869401778,-9.230721612049994,35.00693867792417,30.440600914549844,-9.286737662208992,-10.940092118228288,35.00693867792417,-4.914738144777528,-0.3484003814032035,44.59075886193121,-1.8525751958220618,-2.9334012721549207,22.06659872784508,-1.8525751958220618,-7.970796549108638,-1.8525751958220618,-2.9334012721549207,-8.118917284957874,-1.8525751958220618,-2.9334012721549207,-1.8525751958220618,-8.118917284957874,-1.8525751958220618,-7.970796549108638,-2.9334012721549207,20.896716910372653,-2.9334012721549207,-7.970796549108638,20.518941757707005,-7.808446085349815,20.896716910372653,20.896716910372653,-2.0534222739177697,19.450523172506912,19.331690816221407,0.0,-6.471572436969468,16.676727350253934,-9.153999499626208,15.769278387950006,-2.0534222739177697,0.0,-5.581264792647358,-13.729799425919479
OrderDao,22.613255846339424,-23.615193070987814,12.484739220043608,1.0,22.613255846339424,1.0,12.484739220043608,-12.45833943217583,21.406650166548832,1.0,40.61756442860789,23.388017442360287,1.0,-49.0,-33.89002596423771,-32.41497681810594,12.484739220043608,42.51783195225775,42.51783195225775,1.0,42.51783195225775,40.61756442860789,22.613255846339424,16.438766800887564,26.032298723300844,-5.653267232131427,19.544473123454765,31.096139264379673,20.77555082400879,-4.760843601407645,-12.23935109100752,-12.23935109100752,26.032298723300844,-5.276745266699863,26.032298723300844,28.40322308081071,30.594495457919727,33.76039725079241,-10.157698746437749,25.807040486237,-5.40338752808071,0.1120534563122576,34.323400695068294,29.153351899274252,-8.78999906394751,-7.82246574728275,34.323400695068294,-6.201987160053119,-1.0319383642590778,41.66967630235626,-6.214884324701348,-4.1810249143227685,20.81897508567723,-6.214884324701348,-9.382435571392108,-6.214884324701348,-4.1810249143227685,-6.404445913764713,-6.214884324701348,-4.1810249143227685,-6.214884324701348,-6.404445913764713,-6.214884324701348,-9.382435571392108,-4.1810249143227685,19.485077888089183,-4.1810249143227685,-9.382435571392108,18.38420526300876,-7.7138680901160175,19.485077888089183,19.485077888089183,-3.151864922793504,18.57015051149856,20.1946335323274,0.0,-1.1364788118927958,22.696613037868193,-4.057687837010278,25.112053456312257,-3.151864922793504,0.0,-3.8264693236927236,-25.364018042021247
LineItem,42.851289408877356,-11.382655619254098,40.18407218852621,40.61756442860789,42.851289408877356,40.61756442860789,40.18407218852621,-10.407627776892193,42.02920345089136,40.61756442860789,1.0,39.14672200942823,40.61756442860789,-9.382435571392108,-7.326822496012465,-16.08784996903504,40.18407218852621,43.42407240439776,43.42407240439776,40.61756442860789,43.42407240439776,1.0,42.851289408877356,39.42034668271769,26.351709734353157,-10.213453604249821,19.863884134507078,28.933929034410497,13.069114586064186,-5.374551201888502,-9.857036654202783,-9.857036654202783,26.351709734353157,-4.325132332858249,26.351709734353157,35.240580234572235,29.98078785743887,30.865275927920333,-12.934362254831784,29.51317955359259,-5.295840558529393,-1.5332199384920564,22.552300573371618,-2.0044095024192075,-33.150524501997914,-19.147744504921143,22.552300573371618,-37.35974856174658,-12.803038485955751,33.25229819606587,-11.862005771591477,-12.594251941973754,12.405748058026246,-11.862005771591477,-49.0,-11.862005771591477,-12.594251941973754,-9.59236158859702,-11.862005771591477,-12.594251941973754,-11.862005771591477,-9.59236158859702,-11.862005771591477,-49.0,-12.594251941973754,-20.13248654051871,-12.594251941973754,-49.0,17.21319133814991,-8.246234617737347,-20.13248654051871,-20.13248654051871,-7.059921932893469,12.501788869499604,9.758656059364968,0.0,-4.364807981536693,21.800001792181202,-1.7238038993557074,23.466780061507944,-7.059921932893469,0.0,-7.178047955749719,-10.080191806193085
OrderValidator,35.12153853247686,-20.40223463859845,26.12848978716572,23.388017442360287,35.12153853247686,23.388017442360287,26.12848978716572,-12.768105952395324,29.18221277920197,23.388017442360287,39.14672200942823,1.0,23.388017442360287,-26.611982557639713,-22.418542834467196,-24.06538847299481,26.12848978716572,41.5554767459454,41.5554767459454,23.388017442360287,41.5554767459454,39.14672200942823,35.12153853247686,28.162459834995385,23.21235286504505,-36.704207301857736,16.724527265198972,30.367155373134917,10.95364830131789,-6.357819355826313,-14.826601646478757,-14.826601646478757,23.21235286504505,-13.795345754037553,23.21235286504505,27.714071124228845,28.997519703501055,32.964247908779676,-15.519338788684399,24.837921280767734,-7.4488179992234915,-2.9482664968875762,28.680342677216032,24.50676269036321,-12.340912982753947,-10.921787474545544,28.680342677216032,-10.848576368964162,-6.674996382111339,35.5991133335002,-5.947533480866855,-9.28643846164845,15.71356153835155,-5.947533480866855,-10.853277990571767,-5.947533480866855,-9.28643846164845,-7.15076846263413,-5.947533480866855,-9.28643846164845,-5.947533480866855,-7.15076846263413,-5.947533480866855,-10.853277990571767,-9.28643846164845,18.014235468909526,-9.28643846164845,-10.853277990571767,21.1216190117541,-10.691564228553556,18.014235468909526,18.014235468909526,-5.291624125244562,19.724899990202793,20.724499406479843,0.0,-3.6682669680547004,20.838203362930997,-5.89399230336961,22.051733503112423,-5.291624125244562,0.0,-10.728446565305086,-19.377934351148753
Order,22.613255846339424,-23.615193070987814,12.484739220043608,1.0,22.613255846339424,1.0,12.484739220043608,-12.45833943217583,21.406650166548832,1.0,40.61756442860789,23.388017442360287,1.0,-49.0,-33.89002596423771,-32.41497681810594,12.484739220043608,42.51783195225775,42.51783195225775,1.0,42.51783195225775,40.61756442860789,22.613255846339424,16.438766800887564,26.032298723300844,-5.653267232131427,19.544473123454765,31.096139264379673,20.77555082400879,-4.760843601407645,-12.23935109100752,-12.23935109100752,26.032298723300844,-5.276745266699863,26.032298723300844,28.40322308081071,30.594495457919727,33.76039725079241,-10.157698746437749,25.807040486237,-5.40338752808071,0.1120534563122576,34.323400695068294,29.153351899274252,-8.78999906394751,-7.82246574728275,34.323400695068294,-6.201987160053119,-1.0319383642590778,41.66967630235626,-6.214884324701348,-4.1810249143227685,20.81897508567723,-6.214884324701348,-9.382435571392108,-6.214884324701348,-4.1810249143227685,-6.404445913764713,-6.214884324701348,-4.1810249143227685,-6.214884324701348,-6.404445913764713,-6.214884324701348,-9.382435571392108,-4.1810249143227685,19.485077888089183,-4.1810249143227685,-9.382435571392108,18.38420526300876,-7.7138680901160175,19.485077888089183,19.485077888089183,-3.151864922793504,18.57015051149856,20.1946335323274,0.0,-1.1364788118927958,22.696613037868193,-4.057687837010278,25.112053456312257,-3.151864922793504,0.0,-3.8264693236927236,-25.364018042021247
OrderService,-27.386744153660576,-23.615193070987814,-37.51526077995639,-49.0,-27.386744153660576,-49.0,-37.51526077995639,-12.45833943217583,-28.593349833451168,-49.0,-9.382435571392108,-26.611982557639713,-49.0,-49.0,-33.89002596423771,-32.41497681810594,-37.51526077995639,-7.482168047742249,-7.482168047742249,-49.0,-7.482168047742249,-9.382435571392108,-27.386744153660576,-33.561233199112436,-9.323040336026526,-5.653267232131427,-9.323040336026526,-4.259199794947699,-4.224449175991209,-4.760843601407645,-12.23935109100752,-12.23935109100752,-9.323040336026526,-5.276745266699863,-9.323040336026526,-6.952115978516658,-4.760843601407645,-1.594941808534961,-10.157698746437749,-9.548298573090372,-5.40338752808071,0.1120534563122576,-1.0319383642590778,-6.201987160053119,-8.78999906394751,-7.82246574728275,-1.0319383642590778,-6.201987160053119,-1.0319383642590778,-8.330323697643744,-6.214884324701348,-4.1810249143227685,-4.1810249143227685,-6.214884324701348,-9.382435571392108,-6.214884324701348,-4.1810249143227685,-6.404445913764713,-6.214884324701348,-4.1810249143227685,-6.214884324701348,-6.404445913764713,-6.214884324701348,-9.382435571392108,-4.1810249143227685,-9.382435571392108,-4.1810249143227685,-9.382435571392108,-10.483308196472532,-7.7138680901160175,-9.382435571392108,-9.382435571392108,-3.151864922793504,-6.4298494885014374,-4.8053664676726,0.0,-1.1364788118927958,-6.170900421613098,-4.057687837010278,0.1120534563122576,-3.151864922793504,0.0,-3.8264693236927236,-25.364018042021247
OrderServiceClient,-21.486929668037916,-22.007717178523897,-25.164541319969356,-33.89002596423771,-21.486929668037916,-33.89002596423771,-25.164541319969356,-10.84853221248297,-23.097224818448037,-33.89002596423771,-7.326822496012465,-22.418542834467196,-33.89002596423771,-33.89002596423771,-48.99999999999998,-23.9140327605772,-25.164541319969356,-6.576411491976615,-6.576411491976615,-33.89002596423771,-6.576411491976615,-7.326822496012465,-21.486929668037916,-24.75906485707295,-14.465143372826839,-12.01720523248498,-14.465143372826839,-3.3812365612127917,-16.58490289886112,-4.2824245008341295,-13.527148176679765,-13.527148176679765,-14.465143372826839,-6.422269856377415,-14.465143372826839,-11.023621716159967,-4.2824245008341295,-0.7810108349397612,-12.38406894383168,-5.411215140169083,-8.854528573777637,-2.609860433193274,-2.548783453894265,-6.011544217661125,-7.738443780826838,-8.31932752544768,-2.548783453894265,-6.011544217661125,-2.548783453894265,-6.048378017659516,-6.652462625882429,-12.27598086849173,-12.27598086849173,-6.652462625882429,-7.326822496012465,-6.652462625882429,-12.27598086849173,-9.84504367365938,-6.652462625882429,-12.27598086849173,-6.652462625882429,-9.84504367365938,-6.652462625882429,-7.326822496012465,-12.27598086849173,-7.326822496012465,-12.27598086849173,-7.326822496012465,-12.783211008182501,-12.519543223857744,-7.326822496012465,-7.326822496012465,-3.4355351795660534,-9.656103413408298,-9.096617368488756,0.0,-2.2363604506130454,-6.699740993184947,-6.862629169430005,-2.609860433193274,-3.4355351795660534,0.0,-3.6134919775590904,-18.941765162410118
JaxRpcOrderService,-19.510167133752294,-20.362824206961715,-25.73189068319122,-32.41497681810594,-19.510167133752294,-32.41497681810594,-25.73189068319122,-12.156266585572412,-19.059620547647956,-32.41497681810594,-16.08784996903504,-24.06538847299481,-32.41497681810594,-32.41497681810594,-23.9140327605772,-49.0,-25.73189068319122,-7.322757570440224,-7.322757570440224,-32.41497681810594,-7.322757570440224,-16.08784996903504,-19.510167133752294,-25.35698486471287,-7.818891068097434,-10.220972341563582,-7.818891068097434,-7.139331878210701,-12.24872036451102,-6.098348393424618,-10.092088638421812,-10.092088638421812,-7.818891068097434,-4.581722165100296,-7.818891068097434,-3.5794900505835074,-6.098348393424618,-3.6156622785573966,-13.249428808427218,-7.7106915900400645,-5.820360119526188,-0.4122754188048531,-8.235634636455368,-14.968962616269513,-15.008198690859643,-12.76333782336617,-8.235634636455368,-14.968962616269513,-8.235634636455368,-14.636499903131863,-7.8327702314025425,-5.3884844387355635,-5.3884844387355635,-7.8327702314025425,-16.08784996903504,-7.8327702314025425,-5.3884844387355635,-6.645608868444376,-7.8327702314025425,-5.3884844387355635,-7.8327702314025425,-6.645608868444376,-7.8327702314025425,-16.08784996903504,-5.3884844387355635,-16.08784996903504,-5.3884844387355635,-16.08784996903504,-10.67567632276741,-3.850498595611082,-16.08784996903504,-16.08784996903504,-7.123222073139693,-8.713865968947175,-8.405179975971038,0.0,-2.9963806405017333,-6.703130462282943,-5.587897622539317,-0.4122754188048531,-7.123222073139693,0.0,-9.867085374101267,-30.952160619741644
OrderForm,31.4083940425551,-24.0922447698064,1.0000000000000213,12.484739220043608,31.4083940425551,12.484739220043608,1.0000000000000213,-26.48508159330218,25.39827638090299,12.484739220043608,40.18407218852621,26.12848978716572,12.484739220043608,-37.51526077995639,-25.164541319969356,-25.73189068319122,1.0000000000000213,39.35652252751108,39.35652252751108,12.484739220043608,39.35652252751108,40.18407218852621,31.4083940425551,20.04033161055937,23.73592113944082,-9.930796163413143,17.24809553959474,34.00087823555956,20.762450725862266,-11.018076188407022,-30.5486105448975,-30.5486105448975,23.73592113944082,-5.808736446873344,23.73592113944082,27.519068873519053,24.33726287092035,31.488157863960133,-22.79197902519819,-2.8722560821694003,-10.546250723104889,-3.70168260660798,33.35870362264253,28.25208888429576,-10.553671719565415,-9.415446342322792,33.35870362264253,-7.103250175031611,-1.99663543668484,43.529050157433346,-10.212444208346867,-5.019831498210611,19.98016850178939,-10.212444208346867,-9.81592781147379,-10.212444208346867,-5.019831498210611,-6.303506843914445,-10.212444208346867,-5.019831498210611,-10.212444208346867,-6.303506843914445,-10.212444208346867,-9.81592781147379,-5.019831498210611,19.051585648007503,-5.019831498210611,-9.81592781147379,22.59957699268106,-7.141242041610932,19.051585648007503,19.051585648007503,-3.41530710896312,18.847643472408116,21.556958458089863,0.0,-5.26038701409366,18.272717206095535,-8.049156213672685,21.29831739339202,-3.41530710896312,0.0,-8.400714573931817,-19.464498684698913
Sequence,47.41481762796364,-4.260002997357955,39.35652252751108,42.51783195225775,47.41481762796364,42.51783195225775,39.35652252751108,-5.6115953942658425,43.16334024631853,42.51783195225775,43.42407240439776,41.5554767459454,42.51783195225775,-7.482168047742249,-6.576411491976615,-7.322757570440224,39.35652252751108,1.0,1.0,42.51783195225775,1.0,43.42407240439776,47.41481762796364,43.65405509323932,32.091181151403376,-5.6788166385634895,25.6033555515573,30.052863961849784,17.34733148898568,-0.3341616866260407,-7.543592446917929,-7.543592446917929,32.091181151403376,-6.390262455879201,32.091181151403376,31.21356758920448,35.02117737270133,31.890488863189525,-10.917459094980481,26.403464667363558,-5.688350720106873,-4.48007399010501,34.9265316468065,31.205897194768067,-2.7133711076087708,-5.060730239109864,34.9265316468065,-4.149441864559303,-0.4288074125208706,41.801161249143725,-4.226946590549105,-4.356724780124421,20.64327521987558,-4.226946590549105,-6.575927595602238,-4.226946590549105,-4.356724780124421,-2.781684623591586,-4.226946590549105,-4.356724780124421,-4.226946590549105,-2.781684623591586,-4.226946590549105,-6.575927595602238,-4.356724780124421,22.291585863879053,-4.356724780124421,-6.575927595602238,25.321246308308428,-2.4889415494709577,22.291585863879053,22.291585863879053,-2.5381571896012667,21.657953954283116,24.289844697852693,0.0,-5.4465853236050235,21.784154599114014,-10.385179887718238,20.519926009894988,-2.5381571896012667,0.0,-31.253412392799014,-9.014359283351714
SqlMapSequenceDao,47.41481762796364,-4.260002997357955,39.35652252751108,42.51783195225775,47.41481762796364,42.51783195225775,39.35652252751108,-5.6115953942658425,43.16334024631853,42.51783195225775,43.42407240439776,41.5554767459454,42.51783195225775,-7.482168047742249,-6.576411491976615,-7.322757570440224,39.35652252751108,1.0,1.0,42.51783195225775,1.0,43.42407240439776,47.41481762796364,43.65405509323932,32.091181151403376,-5.6788166385634895,25.6033555515573,30.052863961849784,17.34733148898568,-0.3341616866260407,-7.543592446917929,-7.543592446917929,32.091181151403376,-6.390262455879201,32.091181151403376,31.21356758920448,35.02117737270133,31.890488863189525,-10.917459094980481,26.403464667363558,-5.688350720106873,-4.48007399010501,34.9265316468065,31.205897194768067,-2.7133711076087708,-5.060730239109864,34.9265316468065,-4.149441864559303,-0.4288074125208706,41.801161249143725,-4.226946590549105,-4.356724780124421,20.64327521987558,-4.226946590549105,-6.575927595602238,-4.226946590549105,-4.356724780124421,-2.781684623591586,-4.226946590549105,-4.356724780124421,-4.226946590549105,-2.781684623591586,-4.226946590549105,-6.575927595602238,-4.356724780124421,22.291585863879053,-4.356724780124421,-6.575927595602238,25.321246308308428,-2.4889415494709577,22.291585863879053,22.291585863879053,-2.5381571896012667,21.657953954283116,24.289844697852693,0.0,-5.4465853236050235,21.784154599114014,-10.385179887718238,20.519926009894988,-2.5381571896012667,0.0,-31.253412392799014,-9.014359283351714
SqlMapOrderDao,22.613255846339424,-23.615193070987814,12.484739220043608,1.0,22.613255846339424,1.0,12.484739220043608,-12.45833943217583,21.406650166548832,1.0,40.61756442860789,23.388017442360287,1.0,-49.0,-33.89002596423771,-32.41497681810594,12.484739220043608,42.51783195225775,42.51783195225775,1.0,42.51783195225775,40.61756442860789,22.613255846339424,16.438766800887564,26.032298723300844,-5.653267232131427,19.544473123454765,31.096139264379673,20.77555082400879,-4.760843601407645,-12.23935109100752,-12.23935109100752,26.032298723300844,-5.276745266699863,26.032298723300844,28.40322308081071,30.594495457919727,33.76039725079241,-10.157698746437749,25.807040486237,-5.40338752808071,0.1120534563122576,34.323400695068294,29.153351899274252,-8.78999906394751,-7.82246574728275,34.323400695068294,-6.201987160053119,-1.0319383642590778,41.66967630235626,-6.214884324701348,-4.1810249143227685,20.81897508567723,-6.214884324701348,-9.382435571392108,-6.214884324701348,-4.1810249143227685,-6.404445913764713,-6.214884324701348,-4.1810249143227685,-6.214884324701348,-6.404445913764713,-6.214884324701348,-9.382435571392108,-4.1810249143227685,19.485077888089183,-4.1810249143227685,-9.382435571392108,18.38420526300876,-7.7138680901160175,19.485077888089183,19.485077888089183,-3.151864922793504,18.57015051149856,20.1946335323274,0.0,-1.1364788118927958,22.696613037868193,-4.057687837010278,25.112053456312257,-3.151864922793504,0.0,-3.8264693236927236,-25.364018042021247
sequence(table),47.41481762796364,-4.260002997357955,39.35652252751108,42.51783195225775,47.41481762796364,42.51783195225775,39.35652252751108,-5.6115953942658425,43.16334024631853,42.51783195225775,43.42407240439776,41.5554767459454,42.51783195225775,-7.482168047742249,-6.576411491976615,-7.322757570440224,39.35652252751108,1.0,1.0,42.51783195225775,1.0,43.42407240439776,47.41481762796364,43.65405509323932,32.091181151403376,-5.6788166385634895,25.6033555515573,30.052863961849784,17.34733148898568,-0.3341616866260407,-7.543592446917929,-7.543592446917929,32.091181151403376,-6.390262455879201,32.091181151403376,31.21356758920448,35.02117737270133,31.890488863189525,-10.917459094980481,26.403464667363558,-5.688350720106873,-4.48007399010501,34.9265316468065,31.205897194768067,-2.7133711076087708,-5.060730239109864,34.9265316468065,-4.149441864559303,-0.4288074125208706,41.801161249143725,-4.226946590549105,-4.356724780124421,20.64327521987558,-4.226946590549105,-6.575927595602238,-4.226946590549105,-4.356724780124421,-2.781684623591586,-4.226946590549105,-4.356724780124421,-4.226946590549105,-2.781684623591586,-4.226946590549105,-6.575927595602238,-4.356724780124421,22.291585863879053,-4.356724780124421,-6.575927595602238,25.321246308308428,-2.4889415494709577,22.291585863879053,22.291585863879053,-2.5381571896012667,21.657953954283116,24.289844697852693,0.0,-5.4465853236050235,21.784154599114014,-10.385179887718238,20.519926009894988,-2.5381571896012667,0.0,-31.253412392799014,-9.014359283351714
lineitem(table),42.851289408877356,-11.382655619254098,40.18407218852621,40.61756442860789,42.851289408877356,40.61756442860789,40.18407218852621,-10.407627776892193,42.02920345089136,40.61756442860789,1.0,39.14672200942823,40.61756442860789,-9.382435571392108,-7.326822496012465,-16.08784996903504,40.18407218852621,43.42407240439776,43.42407240439776,40.61756442860789,43.42407240439776,1.0,42.851289408877356,39.42034668271769,26.351709734353157,-10.213453604249821,19.863884134507078,28.933929034410497,13.069114586064186,-5.374551201888502,-9.857036654202783,-9.857036654202783,26.351709734353157,-4.325132332858249,26.351709734353157,35.240580234572235,29.98078785743887,30.865275927920333,-12.934362254831784,29.51317955359259,-5.295840558529393,-1.5332199384920564,22.552300573371618,-2.0044095024192075,-33.150524501997914,-19.147744504921143,22.552300573371618,-37.35974856174658,-12.803038485955751,33.25229819606587,-11.862005771591477,-12.594251941973754,12.405748058026246,-11.862005771591477,-49.0,-11.862005771591477,-12.594251941973754,-9.59236158859702,-11.862005771591477,-12.594251941973754,-11.862005771591477,-9.59236158859702,-11.862005771591477,-49.0,-12.594251941973754,-20.13248654051871,-12.594251941973754,-49.0,17.21319133814991,-8.246234617737347,-20.13248654051871,-20.13248654051871,-7.059921932893469,12.501788869499604,9.758656059364968,0.0,-4.364807981536693,21.800001792181202,-1.7238038993557074,23.466780061507944,-7.059921932893469,0.0,-7.178047955749719,-10.080191806193085
orders(table),1.0,-18.82659661188705,31.4083940425551,22.613255846339424,1.0,22.613255846339424,31.4083940425551,-11.337181688758646,30.865280363428536,22.613255846339424,42.851289408877356,35.12153853247686,22.613255846339424,-27.386744153660576,-21.486929668037916,-19.510167133752294,31.4083940425551,47.41481762796364,47.41481762796364,22.613255846339424,47.41481762796364,42.851289408877356,1.0,33.15154971433307,26.72397844986483,-5.160716893248163,20.23615285001875,30.472110221243923,22.71542541400772,-7.145805411907008,-7.1914609310007265,-7.1914609310007265,26.72397844986483,-5.24287088294907,26.72397844986483,31.87011260710871,28.20953364742036,32.36258609248372,-4.704300883193293,33.64159945237222,-5.328165485672683,-2.2611441073902694,33.90434823835718,30.1842942711698,-5.0745364767405725,-9.723357825267323,33.90434823835718,-5.1710447881575705,-1.4509908209701898,43.528331324145576,-6.400898210355371,-6.966948917329963,18.03305108267004,-6.400898210355371,-7.148710591122645,-6.400898210355371,-6.966948917329963,-9.536969549095721,-6.400898210355371,-6.966948917329963,-6.400898210355371,-9.536969549095721,-6.400898210355371,-7.148710591122645,-6.966948917329963,21.718802868358644,-6.966948917329963,-7.148710591122645,11.499497045296,-10.351054458819085,21.718802868358644,21.718802868358644,-7.1599785843757,20.268984242639142,18.497646055624855,0.0,-3.6904664975871393,26.3097033488203,-2.936291166647433,22.73885589260973,-7.1599785843757,0.0,-0.6727560157234441,-14.992911219692084
orderstatus(table),33.15154971433307,-20.56942739026155,20.04033161055937,16.438766800887564,33.15154971433307,16.438766800887564,20.04033161055937,-11.083640597295204,26.784200734779812,16.438766800887564,39.42034668271769,28.162459834995385,16.438766800887564,-33.561233199112436,-24.75906485707295,-25.35698486471287,20.04033161055937,43.65405509323932,43.65405509323932,16.438766800887564,43.65405509323932,39.42034668271769,33.15154971433307,1.0,26.724997805067538,-8.265618570958743,20.237172205221455,33.06552707490832,21.679364894165072,-6.801248904506464,-13.771762747634641,-13.771762747634641,26.724997805067538,-8.734597389152015,26.724997805067538,21.145975165171794,28.554090154820905,32.11324527363411,-10.99478018878753,22.313274723076532,-7.636261632193575,-2.3428451642133656,32.60816239380934,27.30043974551287,-9.941802073106764,-10.76221567255432,32.60816239380934,-8.0548993138145,-2.7471766655180336,46.07521048379465,-9.435253148511238,-3.9814207597950237,21.018579240204975,-9.435253148511238,-10.57965331728231,-9.435253148511238,-3.9814207597950237,-6.694759878718938,-9.435253148511238,-3.9814207597950237,-9.435253148511238,-6.694759878718938,-9.435253148511238,-10.57965331728231,-3.9814207597950237,18.28786014219898,-3.9814207597950237,-10.57965331728231,21.34358622667123,-7.632790453949097,18.28786014219898,18.28786014219898,-3.4361473700110667,18.993803323065627,22.745360835876202,0.0,-3.930682319659629,20.814118195931712,-4.186116368613216,22.657154835786635,-3.4361473700110667,0.0,-6.378106393835414,-18.888036478940908
AccountDao,26.72397844986483,-15.056382772562376,23.73592113944082,26.032298723300844,26.72397844986483,26.032298723300844,23.73592113944082,-8.09243758104066,20.6712777905053,26.032298723300844,26.351709734353157,23.21235286504505,26.032298723300844,-9.323040336026526,-14.465143372826839,-7.818891068097434,23.73592113944082,32.091181151403376,32.091181151403376,26.032298723300844,32.091181151403376,26.351709734353157,26.72397844986483,26.724997805067538,0.9999999999999858,0.6622403090475331,-8.175170953613701,47.782913305231425,24.216882794184812,29.451362649113776,-4.843466084379131,-4.843466084379131,0.9999999999999858,31.54730380334731,0.9999999999999858,41.50801486345897,44.09602358978639,46.97158430281618,5.572028932042624,41.35030739140509,4.743632697377361,-6.2142527599769375,25.885115316179007,20.305563011144766,-4.32420618658557,-4.959033416472519,25.885115316179007,-4.694436988855226,0.8851153161790155,31.10896788684597,17.320428137870266,19.225937151495657,29.581276210823034,17.320428137870266,-9.003629324974213,-7.679571862129725,-5.774062848504335,-6.257440633718669,17.320428137870266,19.225937151495657,17.320428137870266,-6.257440633718669,-7.679571862129725,-9.003629324974213,-5.774062848504335,11.408785198218936,14.638351674688813,-9.003629324974213,11.375992730678444,-1.672435564879828,11.408785198218936,11.408785198218936,29.407685223484897,29.092922387371956,28.659999230188845,35.35533905932737,18.79049769615863,35.4645065849117,-5.076895001124696,29.141086299350434,-5.947653835842472,0.0,-0.12361450066921831,-3.885743669260781
